      Time  GainLoop    Lambda     P_Adm    P_Fuel     P_Oil       TPS       RPM     T_Air    T_Fuel     T_Oil   T_Water     Vbatt       Pdl  VehicleSpeed  Gear_Pot  P2P_Available  Learn_TPS2Max  Learn_TPS2Min  WS_FL_filt  WS_FR_filt
     0:000     0.000     0.000       563     0.000     0.000      31.5       115      50.9      44.9      44.4       0.0      0.00      12.0             0         0              0           4370            629        0.00        0.00
     0:050     1.000     0.778       563     0.162    -0.004      32.4       122      50.9      44.9      44.4      47.2      0.00      12.0             0         0              0           4370            629        0.00        0.00
     0:100     1.000     0.791       563     0.176    -0.003      32.4        98      50.9      44.9      44.4      47.2      8.04      12.2             0         1              0           4370            629        0.00        0.00
     0:150     1.000     0.796       563     0.193    -0.003      31.7       458      50.9      44.9      44.4      47.2      8.04      15.5             0         1              0           4370            629        0.00        0.00
     0:200     0.993     0.786       563     0.218    -0.002      31.9       867      50.9      44.9      44.4      47.2      7.93      23.3             0         1              0           4370            629        0.00        0.00
     0:250     0.993     0.817       563     0.239     0.000      20.4      1590      50.9      44.9      44.4      47.2      7.93      30.7             0         1              0           4370            629        0.00        0.00
     0:300     0.990     0.843       563     0.263     0.034      22.4      1813      50.9      44.9      44.4      47.2      8.66      34.2             0         1              0           4370            629        0.00        0.00
     0:350     0.991     0.866       563     0.281     0.151      28.4      1862      50.9      44.9      44.4      47.2      8.66      38.1             0         1              0           4370            629        0.00        0.00
     0:400     0.991     0.886       563     0.303     0.242      29.7      1988      50.9      44.9      44.4      47.2      9.17      38.0             0         1              0           4370            629        0.00        0.00
     0:450     0.995     0.900       563     0.324     0.308      25.1      2021      50.9      44.9      44.4      47.3      9.17      24.7             0         1              0           4370            629        0.00        0.00
     0:500     1.002     0.926       563     0.347     0.375      21.8      2083      50.9      44.9      44.4      47.3      9.92       1.0             0         1              0           4370            629        0.00        0.00
     0:550     1.002     0.974       563     0.373     0.455      20.9      2073      50.9      44.9      44.4      47.3      9.92       1.0             0         1              0           4370            629        0.00        0.00
     0:600     1.016     0.991       563     0.407     0.819      19.3      2039      50.9      44.9      44.4      47.3     11.07       1.0             0         1              0           4370            629        0.00        0.00
     0:650     1.016     0.996       563     0.446     1.524      19.2      1996      50.9      44.9      44.4      47.3     11.07       1.0             0         1              0           4370            629        0.00        0.00
     0:700     1.029     0.998       563     0.487     2.607      19.3      1931      50.9      44.9      44.4      47.3     11.23       1.0             0         1              0           4370            629        0.00        0.00
     0:750     1.043     0.998       563     0.524     3.360      20.0      1852      50.9      44.9      44.4      47.3     11.23       1.0             0         1              0           4370            629        0.00        0.00
     0:800     1.043     0.998       563     0.565     3.720      20.5      1752      50.9      44.9      44.4      47.3     11.30       1.0             0         1              0           4370            629        0.00        0.00
     0:850     1.058     0.998       563     0.609     3.937      20.5      1678      50.9      44.9      44.4      47.3     11.30       2.7             0         1              0           4370            629        0.00        0.00
     0:900     1.073     0.997       394     0.657     4.102      20.4      1603      50.2      44.9      44.4      47.3     11.35       7.1             0         1              0           4370            629        0.00        0.00
     0:950     1.073     0.997       394     0.708     4.158      20.1      1546      50.2      44.9      44.4      47.3     11.35      12.5             0         1              0           4370            629        0.00        0.00
     1:000     1.088     0.997       394     0.745     4.213      19.8      1481      50.2      44.9      44.4      47.3     11.41      12.6             0         1              0           4370            629        0.00        0.00
     1:050     1.088     0.997       394     0.764     4.175      19.8      1434      50.2      44.9      44.4      47.3     11.41      11.7             0         1              0           4370            629        0.00        0.00
     1:100     1.102     0.996       394     0.782     4.155      19.8      1445      50.2      44.9      44.4      47.3     11.47       5.0             0         1              0           4370            629        0.00        0.00
     1:150     1.117     0.996       394     0.811     4.153      19.8      1396      50.2      44.9      44.4      47.3     11.47       2.8             0         1              0           4370            629        0.00        0.00
     1:200     1.117     0.996       394     0.850     4.106      19.8      1377      50.2      44.9      44.4      47.3     11.47       5.2             0         1              0           4370            629        0.00        0.00
     1:250     1.131     0.996       394     0.884     4.142      20.0      1322      50.2      44.9      44.4      47.3     11.47      11.4             0         1              0           4370            629        0.00        0.00
     1:300     1.145     0.995       394     0.915     4.114      20.0      1307      50.2      44.9      44.4      47.3     11.45      17.9             0         1              0           4370            629        0.00        0.00
     1:350     1.145     0.995       394     0.965     4.108      20.0      1301      50.2      44.9      44.4      47.3     11.45      24.0             0         1              0           4370            629        0.00        0.00
     1:400     1.160     0.993       518     1.024     4.098      20.0      1279      49.7      44.9      44.4      47.3     11.42      23.4             0         1              0           4370            629        0.00        0.00
     1:450     1.160     0.992       518     1.074     4.087      20.0      1244      49.7      44.9      44.4      47.3     11.42       1.0             0         1              0           4370            629        0.00        0.00
     1:500     1.174     0.992       518     1.101     4.079      20.0      1214      49.7      44.9      44.4      47.3     11.42       1.0             0         1              0           4370            629        0.00        0.00
     1:550     1.188     0.991       518     1.189     4.015      20.0      1283      49.7      44.9      44.4      47.3     11.42       1.0             0         1              0           4370            629        0.00        0.00
     1:600     1.188     0.990       518     1.268     3.997      20.1      1263      49.7      44.9      44.4      47.3     11.44       1.0             0         1              0           4370            629        0.00        0.00
     1:650     1.200     0.988       518     1.345     4.009      20.0      1274      49.7      44.9      44.4      47.3     11.44       1.0             0         1              0           4370            629        0.00        0.00
     1:700     1.200     0.987       518     1.407     4.058      20.0      1295      49.7      44.9      44.4      47.3     11.44       1.0             0         1              0           4370            629        0.00        0.00
     1:750     1.200     0.987       518     1.515     4.031      20.0      1333      49.7      44.9      44.4      47.3     11.44       1.0             0         1              0           4370            629        0.00        0.00
     1:800     1.200     0.991       518     1.613     4.093      20.1      1349      49.7      44.9      44.4      47.3     11.39       1.0             0         1              0           4370            629        0.00        0.00
     1:850     1.200     0.993       518     1.719     4.073      20.0      1384      49.7      44.9      44.4      47.3     11.39       1.0             0         1              0           4370            629        0.00        0.00
     1:900     1.200     0.993       522     1.855     4.135      20.0      1418      49.7      44.8      44.3      47.3     11.38       1.0             0         1              0           4370            629        0.00        0.00
     1:950     1.200     0.992       522     2.007     4.150      20.0      1424      49.7      44.8      44.3      47.3     11.38       2.6             0         1              0           4370            629        0.00        0.00
     2:000     1.200     0.992       522     2.203     4.173      20.1      1444      49.7      44.8      44.3      47.3     11.35       3.9             0         1              0           4370            629        0.00        0.00
     2:050     1.200     0.992       522     2.382     4.181      20.0      1430      49.7      44.8      44.3      47.3     11.35       6.3             0         1              0           4370            629        0.00        0.00
     2:100     1.200     0.991       522     2.625     4.153      20.1      1482      49.7      44.8      44.3      47.3     11.30       6.9             0         1              0           4370            629        0.00        0.00
     2:150     1.200     0.990       522     2.823     4.208      20.1      1486      49.7      44.8      44.3      47.3     11.30       3.6             0         1              0           4370            629        0.00        0.00
     2:200     1.200     0.990       522     3.044     4.206      20.1      1503      49.7      44.8      44.3      47.3     11.37       1.0             0         1              0           4370            629        0.00        0.00
     2:250     1.200     0.988       522     3.265     4.219      20.1      1532      49.7      44.8      44.3      47.3     11.37       1.0             0         1              0           4370            629        0.00        0.00
     2:300     1.200     0.987       522     3.464     4.254      20.1      1496      49.7      44.8      44.3      47.3     11.34       1.0             0         1              0           4370            629        0.00        0.00
     2:350     1.200     0.986       522     3.582     4.238      20.1      1491      49.7      44.8      44.3      47.3     11.34       1.0             0         1              0           4370            629        0.00        0.00
     2:400     1.200     0.985       480     3.620     4.256      20.1      1513      49.3      44.8      44.3      47.3     11.28       1.0             0         1              0           4370            629        0.00        0.00
     2:450     1.200     0.982       480     3.620     4.251      20.1      1494      49.3      44.8      44.3      47.3     11.28       1.0             0         1              0           4370            629        0.00        0.00
     2:500     1.200     0.981       480     3.631     4.234      20.1      1495      49.3      44.8      44.3      47.3     11.29       1.0             0         1              0           4370            629        0.00        0.00
     2:550     1.200     0.979       480     3.632     4.267      20.1      1505      49.3      44.8      44.3      47.3     11.29       1.0             0         1              0           4370            629        0.00        0.00
     2:600     1.200     0.978       480     3.608     4.258      20.1      1480      49.3      44.8      44.3      47.3     11.32       1.0             0         1              0           4370            629        0.00        0.00
     2:650     1.200     0.975       480     3.591     4.259      20.1      1453      49.3      44.8      44.3      47.3     11.32       1.0             0         1              0           4370            629        0.00        0.00
     2:700     1.200     0.973       480     3.577     4.263      20.2      1466      49.3      44.8      44.3      47.3     11.31       1.0             0         1              0           4370            629        0.00        0.00
     2:750     1.200     0.970       480     3.593     4.225      20.2      1478      49.3      44.8      44.3      47.3     11.31       1.0             0         1              0           4370            629        0.00        0.00
     2:800     1.200     0.966       480     3.616     4.275      20.2      1474      49.3      44.8      44.3      47.3     11.13       1.0             0         1              0           4370            629        0.00        0.00
     2:850     1.200     0.964       480     3.639     4.269      20.2      1462      49.3      44.8      44.3      47.3     11.13       1.0             0         1              0           4370            629        0.00        0.00
     2:900     1.200     0.961       487     3.647     4.243      20.2      1452      49.3      44.8      44.3      47.3     11.23       1.0             0         1              0           4370            629        0.00        0.00
     2:950     1.200     0.960       487     3.607     4.284      20.4      1469      49.3      44.8      44.3      47.3     11.23       1.0             0         1              0           4370            629        0.00        0.00
     3:000     1.200     0.958       487     3.606     4.253      20.4      1444      49.3      44.8      44.3      47.3     11.26       1.0             0         1              0           4370            629        0.00        0.00
     3:050     1.200     0.955       487     3.611     4.283      20.4      1441      49.3      44.8      44.3      47.4     11.26       1.0             0         1              0           4370            629        0.00        0.00
     3:100     1.200     0.953       487     3.604     4.281      20.2      1448      49.3      44.8      44.3      47.4     11.27       1.0             0         1              0           4370            629        0.00        0.00
     3:150     1.200     0.952       487     3.599     4.244      20.2      1438      49.3      44.8      44.3      47.4     11.27       1.0             0         1              0           4370            629        0.00        0.00
     3:200     1.200     0.949       487     3.621     4.289      20.2      1442      49.3      44.8      44.3      47.4     11.20       1.0             0         1              0           4370            629        0.00        0.00
     3:250     1.200     0.948       487     3.608     4.268      20.2      1468      49.3      44.8      44.3      47.4     11.20       1.0             0         1              0           4370            629        0.00        0.00
     3:300     1.200     0.947       487     3.608     4.289      20.2      1472      49.3      44.8      44.3      47.4     11.26       1.0             0         1              0           4370            629        0.00        0.00
     3:350     1.200     0.945       487     3.640     4.300      20.2      1455      49.3      44.8      44.3      47.4     11.26       1.0             0         1              0           4370            629        0.00        0.00
     3:400     1.200     0.943       489     3.640     4.273      20.2      1490      48.9      44.8      44.3      47.4     11.35       1.0             0         1              0           4370            629        0.00        0.00
     3:450     1.200     0.942       489     3.613     4.316      20.2      1468      48.9      44.8      44.3      47.4     11.35       1.0             0         1              0           4370            629        0.00        0.00
     3:500     1.200     0.940       489     3.614     4.311      20.2      1473      48.9      44.8      44.3      47.4     11.43       1.0             0         1              0           4370            629        0.00        0.00
     3:550     1.200     0.938       489     3.595     4.316      20.4      1469      48.9      44.8      44.3      47.4     11.43       1.0             0         1              0           4370            629        0.00        0.00
     3:600     1.200     0.936       489     3.629     4.334      20.4      1485      48.9      44.8      44.3      47.4     11.37       1.0             0         1              0           4370            629        0.00        0.00
     3:650     1.200     0.934       489     3.639     4.296      20.2      1475      48.9      44.8      44.3      47.4     11.37       1.0             0         1              0           4370            629        0.00        0.00
     3:700     1.200     0.932       489     3.633     4.342      20.4      1473      48.9      44.8      44.3      47.4     11.55       1.0             0         1              0           4370            629        0.00        0.00
     3:750     1.200     0.931       489     3.632     4.341      20.4      1476      48.9      44.8      44.3      47.4     11.55       1.0             0         1              0           4370            629        0.00        0.00
     3:800     1.200     0.928       489     3.617     4.322      20.2      1481      48.9      44.8      44.3      47.4     11.61       1.0             0         1              0           4370            629        0.00        0.00
     3:850     1.200     0.926       489     3.610     4.348      20.2      1457      48.9      44.8      44.3      47.4     11.61       1.0             0         1              0           4370            629        0.00        0.00
     3:900     1.200     0.923       491     3.613     4.329      20.2      1471      48.9      44.8      44.3      47.4     11.53       1.0             0         1              0           4370            629        0.00        0.00
     3:950     1.200     0.919       491     3.656     4.353      20.2      1504      48.9      44.8      44.3      47.4     11.53       1.0             0         1              0           4370            629        0.00        0.00
     4:000     1.200     0.917       491     3.648     4.357      20.4      1487      48.9      44.8      44.3      47.4     11.68       1.0             0         1              0           4370            629        0.00        0.00
     4:050     1.200     0.913       491     3.655     4.327      20.4      1498      48.9      44.8      44.3      47.4     11.68       1.0             0         1              0           4370            629        0.00        0.00
     4:100     1.200     0.911       491     3.661     4.379      20.2      1467      48.9      44.8      44.3      47.4     11.77       1.0             0         1              0           4370            629        0.00        0.00
     4:150     1.200     0.908       491     3.641     4.370      20.4      1428      48.9      44.8      44.3      47.4     11.77       1.0             0         1              0           4370            629        0.00        0.00
     4:200     1.200     0.905       491     3.632     4.350      20.4      1443      48.9      44.8      44.3      47.4     11.69       1.0             0         1              0           4370            629        0.00        0.00
     4:250     1.200     0.902       491     3.641     4.355      20.4      1442      48.9      44.8      44.3      47.4     11.69       1.0             0         1              0           4370            629        0.00        0.00
     4:300     1.200     0.900       491     3.628     4.316      20.4      1438      48.9      44.8      44.3      47.4     11.76       1.0             0         1              0           4370            629        0.00        0.00
     4:350     1.200     0.899       491     3.624     4.366      20.2      1452      48.9      44.8      44.3      47.4     11.76       1.0             0         1              0           4370            629        0.00        0.00
     4:400     1.200     0.898       496     3.643     4.358      20.4      1456      48.9      44.8      44.3      47.4     11.74       1.0             0         1              0           4370            629        0.00        0.00
     4:450     1.200     0.898       496     3.627     4.353      20.4      1470      48.9      44.8      44.3      47.4     11.74       1.0             0         1              0           4370            629        0.00        0.00
     4:500     1.200     0.898       496     3.625     4.373      20.4      1439      48.9      44.8      44.3      47.4     11.77       1.0             0         1              0           4370            629        0.00        0.00
     4:550     1.200     0.897       496     3.642     4.345      20.4      1463      48.9      44.8      44.3      47.4     11.77       1.0             0         1              0           4370            629        0.00        0.00
     4:600     1.200     0.896       496     3.637     4.382      20.4      1456      48.9      44.8      44.3      47.4     11.88       1.0             0         1              0           4370            629        0.00        0.00
     4:650     1.200     0.895       496     3.639     4.381      20.4      1429      48.9      44.8      44.3      47.4     11.88       1.0             0         1              0           4370            629        0.00        0.00
     4:700     1.200     0.893       496     3.649     4.353      20.2      1415      48.9      44.8      44.3      47.4     11.81       1.0             0         1              0           4370            629        0.00        0.00
     4:750     1.200     0.892       496     3.628     4.366      20.4      1403      48.9      44.8      44.3      47.4     11.81       1.0             0         1              0           4370            629        0.00        0.00
     4:800     1.200     0.889       496     3.641     4.323      20.4      1419      48.9      44.8      44.3      47.4     11.83       1.0             0         1              0           4370            629        0.00        0.00
     4:850     1.200     0.887       496     3.625     4.370      20.4      1425      48.9      44.8      44.3      47.4     11.83       1.0             0         1              0           4370            629        0.00        0.00
     4:900     1.200     0.886       503     3.647     4.355      20.4      1413      48.4      44.8      44.3      47.4     11.89       1.0             0         1              0           4370            629        0.00        0.00
     4:950     1.200     0.884       503     3.638     4.349      20.4      1434      48.4      44.8      44.3      47.4     11.89       1.0             0         1              0           4370            629        0.00        0.00
     5:000     1.200     0.882       503     3.657     4.370      20.4      1435      48.4      44.8      44.3      47.4     11.97       1.0             0         1              0           4370            629        0.00        0.00
     5:050     1.200     0.881       503     3.641     4.340      20.5      1408      48.4      44.8      44.3      47.4     11.97       1.0             0         1              0           4370            629        0.00        0.00
     5:100     1.200     0.879       503     3.665     4.386      20.5      1433      48.4      44.8      44.3      47.4     11.99       1.0             0         1              0           4370            629        0.00        0.00
     5:150     1.200     0.877       503     3.647     4.358      20.5      1401      48.4      44.8      44.3      47.4     11.99       1.0             0         1              0           4370            629        0.00        0.00
     5:200     1.200     0.876       503     3.666     4.370      20.5      1384      48.4      44.8      44.3      47.4     12.02       1.0             0         1              0           4370            629        0.00        0.00
     5:250     1.200     0.875       503     3.658     4.371      20.5      1399      48.4      44.8      44.3      47.4     12.02       1.0             0         1              0           4370            629        0.00        0.00
     5:300     1.200     0.874       503     3.643     4.315      20.5      1411      48.4      44.8      44.3      47.4     12.05       1.0             0         1              0           4370            629        0.00        0.00
     5:350     1.200     0.873       503     3.654     4.364      20.5      1398      48.4      44.8      44.3      47.4     12.05       1.0             0         1              0           4370            629        0.00        0.00
     5:400     1.200     0.885       511     3.637     4.345      20.5      1427      48.4      44.8      44.3      47.4     12.08       1.0             0         1              0           4370            629        0.00        0.00
     5:450     1.200     0.897       511     3.643     4.376      20.5      1447      48.4      44.8      44.3      47.4     12.08       1.0             0         1              0           4370            629        0.00        0.00
     5:500     1.200     0.903       511     3.683     4.377      20.5      1428      48.4      44.8      44.3      47.4     12.96       1.0             0         1              0           4370            629        0.00        0.00
     5:550     1.200     0.903       511     3.716     4.356      20.5      1430      48.4      44.8      44.3      47.3     12.96       1.0             0         1              0           4370            629        0.00        0.00
     5:600     1.200     0.902       511     3.704     4.391      20.5      1427      48.4      44.8      44.3      47.3     13.05       1.0             0         1              0           4370            629        0.00        0.00
     5:650     1.200     0.896       511     3.716     4.356      20.5      1443      48.4      44.8      44.3      47.3     13.05       1.0             0         1              0           4370            629        0.00        0.00
     5:700     1.200     0.890       511     3.710     4.398      20.5      1479      48.4      44.8      44.3      47.3     13.14       1.0             0         1              0           4370            629        0.00        0.00
     5:750     1.200     0.886       511     3.735     4.395      20.5      1463      48.4      44.8      44.3      47.3     13.14       1.0             0         1              0           4370            629        0.00        0.00
     5:800     1.200     0.880       511     3.748     4.376      20.5      1466      48.4      44.8      44.3      47.3     13.11       1.0             0         1              0           4370            629        0.00        0.00
     5:850     1.200     0.879       511     3.720     4.415      20.6      1436      48.4      44.8      44.3      47.3     13.11       1.0             0         1              0           4370            629        0.00        0.00
     5:900     1.200     0.873       500     3.696     4.391      20.6      1415      48.4      44.8      44.3      47.3     12.81       1.0             0         1              0           4370            629        0.00        0.00
     5:950     1.200     0.869       500     3.717     4.405      20.6      1435      48.4      44.8      44.3      47.3     12.81       1.0             0         1              0           4370            629        0.00        0.00
     6:000     1.200     0.869       500     3.684     4.392      20.6      1427      48.4      44.8      44.3      47.3     12.41       1.0             0         1              0           4370            629        0.00        0.00
     6:050     1.200     0.873       500     3.684     4.361      20.6      1448      48.4      44.8      44.3      47.3     12.41       1.0             0         1              0           4370            629        0.00        0.00
     6:100     1.200     0.876       500     3.656     4.400      20.6      1453      48.4      44.8      44.3      47.3     12.43       1.0             0         1              0           4370            629        0.00        0.00
     6:150     1.200     0.879       500     3.664     4.374      20.7      1441      48.4      44.8      44.3      47.3     12.43       1.0             0         1              0           4370            629        0.00        0.00
     6:200     1.200     0.883       500     3.710     4.411      20.6      1446      48.4      44.8      44.3      47.3     12.62       1.0             0         1              0           4370            629        0.00        0.00
     6:250     1.200     0.888       500     3.676     4.405      20.6      1442      48.4      44.8      44.3      47.2     12.62       1.0             0         1              0           4370            629        0.00        0.00
     6:300     1.200     0.893       500     3.684     4.366      20.6      1501      48.4      44.8      44.3      47.2     12.70       1.0             0         1              0           4370            629        0.00        0.00
     6:350     1.200     0.896       500     3.718     4.410      20.6      1515      48.4      44.8      44.3      47.2     12.70       1.0             0         1              0           4370            629        0.00        0.00
     6:400     1.200     0.899       497     3.755     4.403      20.6      1464      48.0      44.8      44.3      47.2     13.24       1.0             0         1              0           4370            629        0.00        0.00
     6:450     1.200     0.901       497     3.756     4.419      20.6      1489      48.0      44.8      44.3      47.2     13.24       1.0             0         1              0           4370            629        0.00        0.00
     6:500     1.200     0.903       497     3.743     4.418      20.6      1505      48.0      44.8      44.3      47.2     13.13       1.0             0         1              0           4370            629        0.00        0.00
     6:550     1.200     0.901       497     3.720     4.384      20.7      1498      48.0      44.8      44.3      47.2     13.13       1.0             0         1              0           4370            629        0.00        0.00
     6:600     1.200     0.895       497     3.736     4.445      20.6      1470      48.0      44.8      44.3      47.2     13.32       1.0             0         1              0           4370            629        0.00        0.00
     6:650     1.200     0.895       497     3.736     4.440      20.6      1484      48.0      44.8      44.3      47.2     13.32       1.0             0         1              0           4370            629        0.00        0.00
     6:700     1.200     0.893       497     3.704     4.395      20.6      1502      48.0      44.8      44.3      47.2     13.04       1.0             0         1              0           4370            629        0.00        0.00
     6:750     1.200     0.891       497     3.695     4.424      20.6      1442      48.0      44.8      44.3      47.2     13.04       1.0             0         1              0           4370            629        0.00        0.00
     6:800     1.200     0.890       497     3.691     4.407      20.7      1422      48.0      44.8      44.3      47.2     12.91       1.0             0         1              0           4370            629        0.00        0.00
     6:850     1.200     0.894       497     3.711     4.413      20.7      1473      48.0      44.8      44.3      47.2     12.91       1.0             0         1              0           4370            629        0.00        0.00
     6:900     1.200     0.895       504     3.669     4.395      20.7      1434      48.0      44.7      44.3      47.2     12.70       1.0             0         1              0           4370            629        0.00        0.00
     6:950     1.200     0.896       504     3.663     4.368      20.7      1439      48.0      44.7      44.3      47.2     12.70       1.0             0         1              0           4370            629        0.00        0.00
     7:000     1.200     0.898       504     3.692     4.405      20.7      1453      48.0      44.7      44.3      47.2     12.65       1.0             0         1              0           4370            629        0.00        0.00
     7:050     1.200     0.900       504     3.678     4.370      20.7      1436      48.0      44.7      44.3      47.2     12.65       1.0             0         1              0           4370            629        0.00        0.00
     7:100     1.200     0.900       504     3.686     4.396      20.7      1413      48.0      44.7      44.3      47.2     12.76       1.0             0         1              0           4370            629        0.00        0.00
     7:150     1.200     0.903       504     3.710     4.393      20.7      1434      48.0      44.7      44.3      47.1     12.76       1.0             0         1              0           4370            629        0.00        0.00
     7:200     1.200     0.900       504     3.694     4.343      20.7      1465      48.0      44.7      44.3      47.1     12.77       1.0             0         1              0           4370            629        0.00        0.00
     7:250     1.200     0.893       504     3.729     4.395      20.7      1455      48.0      44.7      44.3      47.1     12.77       1.0             0         1              0           4370            629        0.00        0.00
     7:300     1.200     0.890       504     3.718     4.382      20.7      1441      48.0      44.7      44.3      47.1     13.19       1.0             0         1              0           4370            629        0.00        0.00
     7:350     1.200     0.890       504     3.707     4.398      20.7      1474      48.0      44.7      44.3      47.1     13.19       1.0             0         1              0           4370            629        0.00        0.00
     7:400     1.200     0.892       509     3.729     4.396      20.9      1456      48.0      44.7      44.3      47.1     13.01       1.0             0         1              0           4370            629        0.00        0.00
     7:450     1.200     0.888       509     3.740     4.359      20.9      1461      48.0      44.7      44.3      47.1     13.01       1.0             0         1              0           4370            629        0.00        0.00
     7:500     1.200     0.886       509     3.701     4.409      20.9      1479      48.0      44.7      44.3      47.1     13.10       1.0             0         1              0           4370            629        0.00        0.00
     7:550     1.200     0.884       509     3.704     4.385      20.9      1479      48.0      44.7      44.3      47.1     13.10       1.0             0         1              0           4370            629        0.00        0.00
     7:600     1.200     0.886       509     3.716     4.392      20.9      1451      48.0      44.7      44.3      47.1     13.03       1.0             0         1              0           4370            629        0.00        0.00
     7:650     1.200     0.886       509     3.738     4.410      20.7      1427      48.0      44.7      44.3      47.1     13.03       1.0             0         1              0           4370            629        0.00        0.00
     7:700     1.200     0.882       509     3.713     4.353      20.7      1394      48.0      44.6      44.3      47.1     13.05       1.0             0         1              0           4370            629        0.00        0.00
     7:750     1.200     0.877       509     3.715     4.393      20.7      1385      48.0      44.6      44.3      47.1     13.05       1.0             0         1              0           4370            629        0.00        0.00
     7:800     1.200     0.878       509     3.693     4.354      20.7      1395      48.0      44.6      44.3      47.1     12.39       1.0             0         1              0           4370            629        0.00        0.00
     7:850     1.200     0.880       509     3.662     4.351      20.7      1402      48.0      44.6      44.3      47.1     12.39       1.0             0         1              0           4370            629        0.00        0.00
     7:900     1.200     0.882       521     3.675     4.360      20.7      1378      47.6      44.6      44.3      47.0     12.43       1.0             0         1              0           4370            629        0.00        0.00
     7:950     1.200     0.883       521     3.662     4.314      20.7      1424      47.6      44.6      44.3      47.0     12.43       1.0             0         1              0           4370            629        0.00        0.00
     8:000     1.200     0.886       521     3.647     4.356      20.7      1461      47.6      44.6      44.3      47.0     12.42       1.0             0         1              0           4370            629        0.00        0.00
     8:050     1.200     0.891       521     3.693     4.331      20.7      1465      47.6      44.6      44.3      47.0     12.42       1.0             0         1              0           4370            629        0.00        0.00
     8:100     1.200     0.894       521     3.729     4.383      20.9      1477      47.6      44.5      44.3      47.0     13.08       1.0             0         1              0           4370            629        0.00        0.00
     8:150     1.200     0.896       521     3.694     4.389      20.9      1482      47.6      44.5      44.3      47.0     13.08       1.0             0         1              0           4370            629        0.00        0.00
     8:200     1.200     0.894       521     3.677     4.353      20.9      1490      47.6      44.5      44.3      47.0     13.02       1.0             0         1              0           4370            629        0.00        0.00
     8:250     1.200     0.886       521     3.682     4.403      20.9      1485      47.6      44.5      44.3      47.0     13.02       1.0             0         1              0           4370            629        0.00        0.00
     8:300     1.200     0.881       521     3.692     4.387      20.9      1490      47.6      44.5      44.3      47.0     12.79       1.0             0         1              0           4370            629        0.00        0.00
     8:350     1.200     0.879       521     3.701     4.386      20.9      1514      47.6      44.5      44.3      47.0     12.79       1.0             0         1              0           4370            629        0.00        0.00
     8:400     1.200     0.878       500     3.706     4.404      20.9      1482      47.6      44.5      44.3      47.0     12.79       1.0             0         1              0           4370            629        0.00        0.00
     8:450     1.200     0.876       500     3.712     4.375      20.9      1467      47.6      44.5      44.3      46.9     12.79       1.0             0         1              0           4370            629        0.00        0.00
     8:500     1.200     0.877       500     3.730     4.409      20.9      1484      47.6      44.4      44.3      46.9     12.87       1.0             0         1              0           4370            629        0.00        0.00
     8:550     1.200     0.882       500     3.707     4.399      20.9      1470      47.6      44.4      44.3      46.9     12.87       1.0             0         1              0           4370            629        0.00        0.00
     8:600     1.200     0.889       500     3.679     4.360      20.9      1488      47.6      44.4      44.3      46.9     12.84       1.0             0         1              0           4370            629        0.00        0.00
     8:650     1.200     0.894       500     3.668     4.396      20.9      1488      47.6      44.4      44.3      46.9     12.84       1.0             0         1              0           4370            629        0.00        0.00
     8:700     1.200     0.897       500     3.685     4.364      20.9      1491      47.6      44.4      44.3      46.9     12.78       1.0             0         1              0           4370            629        0.00        0.00
     8:750     1.200     0.896       500     3.705     4.390      20.9      1485      47.6      44.4      44.3      46.9     12.78       1.0             0         1              0           4370            629        0.00        0.00
     8:800     1.200     0.891       500     3.720     4.402      20.9      1475      47.6      44.4      44.3      46.9     12.98       1.0             0         1              0           4370            629        0.00        0.00
     8:850     1.200     0.881       500     3.741     4.356      20.9      1486      47.6      44.4      44.3      46.9     12.98       1.0             0         1              0           4370            629        0.00        0.00
     8:900     1.200     0.875       503     3.757     4.393      20.9      1481      47.6      44.3      44.3      46.9     13.20       1.0             0         1              0           4370            629        0.00        0.00
     8:950     1.200     0.873       503     3.738     4.382      20.9      1457      47.6      44.3      44.3      46.9     13.20       1.0             0         1              0           4370            629        0.00        0.00
     9:000     1.200     0.868       503     3.699     4.369      20.9      1471      47.6      44.3      44.3      46.9     13.07       1.0             0         1              0           4370            629        0.00        0.00
     9:050     1.200     0.863       503     3.695     4.382      20.9      1473      47.6      44.3      44.3      46.8     13.07       1.0             0         1              0           4370            629        0.00        0.00
     9:100     1.200     0.863       503     3.719     4.340      20.9      1431      47.6      44.3      44.3      46.8     12.90       1.0             0         1              0           4370            629        0.00        0.00
     9:150     1.200     0.860       503     3.740     4.392      20.9      1426      47.6      44.3      44.3      46.8     12.90       1.0             0         1              0           4370            629        0.00        0.00
     9:200     1.200     0.861       503     3.698     4.364      20.9      1434      47.6      44.3      44.3      46.8     12.60       1.0             0         1              0           4370            629        0.00        0.00
     9:250     1.200     0.862       503     3.703     4.329      20.9      1471      47.6      44.3      44.3      46.8     12.60       1.0             0         1              0           4370            629        0.00        0.00
     9:300     1.200     0.863       503     3.662     4.363      20.9      1448      47.6      44.2      44.3      46.8     12.67       1.0             0         1              0           4370            629        0.00        0.00
     9:350     1.200     0.865       503     3.679     4.335      20.9      1476      47.6      44.2      44.3      46.8     12.67       1.0             0         1              0           4370            629        0.00        0.00
     9:400     1.200     0.866       507     3.725     4.372      20.9      1499      47.2      44.2      44.3      46.8     13.05       1.0             0         1              0           4370            629        0.00        0.00
     9:450     1.200     0.869       507     3.737     4.375      21.0      1467      47.2      44.2      44.3      46.8     13.05       1.0             0         1              0           4370            629        0.00        0.00
     9:500     1.200     0.869       507     3.721     4.356      21.1      1455      47.2      44.1      44.3      46.7     13.18       1.0             0         1              0           4370            629        0.00        0.00
     9:550     1.200     0.871       507     3.688     4.379      21.1      1459      47.2      44.1      44.3      46.7     13.18       1.0             0         1              0           4370            629        0.00        0.00
     9:600     1.200     0.877       507     3.708     4.343      21.1      1461      47.2      44.1      44.3      46.7     12.93       1.0             0         1              0           4370            629        0.00        0.00
     9:650     1.200     0.879       507     3.743     4.372      21.1      1484      47.2      44.1      44.3      46.7     12.93       1.0             0         1              0           4370            629        0.00        0.00
     9:700     1.200     0.878       507     3.723     4.369      21.1      1492      47.2      44.0      44.3      46.7     13.22       1.0             0         1              0           4370            629        0.00        0.00
     9:750     1.200     0.877       507     3.704     4.337      21.1      1502      47.2      44.0      44.3      46.7     13.22       1.0             0         1              0           4370            629        0.00        0.00
     9:800     1.200     0.874       507     3.692     4.393      21.1      1499      47.2      44.0      44.3      46.7     13.31       1.0             0         1              0           4370            629        0.00        0.00
     9:850     1.200     0.874       507     3.683     4.382      21.1      1498      47.2      44.0      44.3      46.7     13.31       1.0             0         1              0           4370            629        0.00        0.00
     9:900     1.200     0.869       499     3.686     4.374      21.1      1496      47.2      44.0      44.3      46.6     13.22       1.0             0         1              0           4370            629        0.00        0.00
     9:950     1.200     0.862       499     3.697     4.396      21.1      1469      47.2      44.0      44.3      46.6     13.22       1.0             0         1              0           4370            629        0.00        0.00
    10:000     1.200     0.858       499     3.681     4.354      21.0      1479      47.2      44.0      44.3      46.6     13.00       1.0             0         1              0           4370            629        0.00        0.00
    10:050     1.200     0.855       499     3.664     4.375      21.0      1528      47.2      44.0      44.3      46.6     13.00       1.0             0         1              0           4370            629        0.00        0.00
    10:100     1.200     0.856       499     3.664     4.375      21.0      1521      47.2      43.9      44.3      46.6     12.89       1.0             0         1              0           4370            629        0.00        0.00
    10:150     1.200     0.857       499     3.682     4.356      21.0      1536      47.2      43.9      44.3      46.6     12.89       1.0             0         1              0           4370            629        0.00        0.00
    10:200     1.200     0.856       499     3.712     4.411      21.0      1523      47.2      43.9      44.3      46.6     13.21       1.0             0         1              0           4370            629        0.00        0.00
    10:250     1.200     0.856       499     3.742     4.391      21.0      1483      47.2      43.9      44.3      46.6     13.21       1.0             0         1              0           4370            629        0.00        0.00
    10:300     1.200     0.855       499     3.736     4.372      21.0      1512      47.2      43.8      44.3      46.6     12.98       1.0             0         1              0           4370            629        0.00        0.00
    10:350     1.200     0.854       499     3.728     4.387      21.0      1486      47.2      43.8      44.3      46.6     12.98       1.0             0         1              0           4370            629        0.00        0.00
    10:400     1.200     0.851       496     3.720     4.356      21.1      1473      47.2      43.8      44.3      46.6     12.80       1.0             0         1              0           4370            629        0.00        0.00
    10:450     1.200     0.855       496     3.732     4.377      21.1      1498      47.2      43.8      44.3      46.5     12.80       1.0             0         1              0           4370            629        0.00        0.00
    10:500     1.200     0.860       496     3.697     4.373      21.1      1473      47.2      43.7      44.3      46.5     12.67       1.0             0         1              0           4370            629        0.00        0.00
    10:550     1.200     0.859       496     3.692     4.334      21.1      1457      47.2      43.7      44.3      46.5     12.67       1.0             0         1              0           4370            629        0.00        0.00
    10:600     1.200     0.858       496     3.662     4.382      21.1      1501      47.2      43.7      44.3      46.5     12.63       1.0             0         1              0           4370            629        0.00        0.00
    10:650     1.200     0.863       496     3.674     4.345      21.1      1505      47.2      43.7      44.3      46.5     12.63       1.0             0         1              0           4370            629        0.00        0.00
    10:700     1.200     0.860       496     3.672     4.359      21.3      1477      47.2      43.6      44.3      46.5     12.62       1.0             0         1              0           4370            629        0.00        0.00
    10:750     1.200     0.858       496     3.680     4.378      21.3      1478      47.2      43.6      44.3      46.5     12.62       1.0             0         1              0           4370            629        0.00        0.00
    10:800     1.200     0.858       496     3.699     4.326      21.3      1464      47.2      43.6      44.3      46.5     12.72       1.0             0         1              0           4370            629        0.00        0.00
    10:850     1.200     0.856       496     3.722     4.376      21.3      1457      47.2      43.6      44.3      46.5     12.72       1.0             0         1              0           4370            629        0.00        0.00
    10:900     1.200     0.856       513     3.715     4.364      21.3      1457      47.2      43.5      44.3      46.5     12.96       1.0             0         1              0           4370            629        0.00        0.00
    10:950     1.200     0.855       513     3.683     4.324      21.1      1490      47.2      43.5      44.3      46.5     12.96       1.0             0         1              0           4370            629        0.00        0.00
    11:000     1.200     0.856       513     3.701     4.356      21.1      1495      47.2      43.5      44.3      46.4     12.93       1.0             0         1              0           4370            629        0.00        0.00
    11:050     1.200     0.856       513     3.716     4.334      21.1      1508      47.2      43.5      44.3      46.4     12.93       1.0             0         1              0           4370            629        0.00        0.00
    11:100     1.200     0.852       513     3.727     4.371      21.1      1523      47.2      43.4      44.3      46.4     13.11       1.0             0         1              0           4370            629        0.00        0.00
    11:150     1.200     0.852       513     3.723     4.385      21.1      1511      47.2      43.4      44.3      46.4     13.11       1.0             0         1              0           4370            629        0.00        0.00
    11:200     1.200     0.851       513     3.689     4.350      21.1      1528      47.2      43.4      44.3      46.4     12.93       1.0             0         1              0           4370            629        0.00        0.00
    11:250     1.200     0.854       513     3.676     4.395      21.1      1528      47.2      43.4      44.3      46.4     12.93       1.0             0         1              0           4370            629        0.00        0.00
    11:300     1.200     0.856       513     3.700     4.397      21.3      1533      47.2      43.3      44.3      46.3     13.21       1.0             0         1              0           4370            629        0.00        0.00
    11:350     1.200     0.852       513     3.736     4.360      21.3      1546      47.2      43.3      44.3      46.3     13.21       1.0             0         1              0           4370            629        0.00        0.00
    11:400     1.200     0.850       495     3.742     4.394      21.3      1540      46.7      43.3      44.3      46.3     13.13       1.0             0         1              0           4370            629        0.00        0.00
    11:450     1.200     0.851       495     3.700     4.387      21.3      1516      46.7      43.3      44.3      46.3     13.13       1.0             0         1              0           4370            629        0.00        0.00
    11:500     1.200     0.849       495     3.692     4.380      21.3      1524      46.7      43.2      44.3      46.3     13.05       1.0             0         1              0           4370            629        0.00        0.00
    11:550     1.200     0.848       495     3.701     4.392      21.3      1504      46.7      43.2      44.3      46.3     13.05       1.0             0         1              0           4370            629        0.00        0.00
    11:600     1.200     0.846       495     3.734     4.356      21.3      1498      46.7      43.2      44.3      46.3     12.89       1.0             0         1              0           4370            629        0.00        0.00
    11:650     1.200     0.843       495     3.741     4.386      21.1      1519      46.7      43.2      44.3      46.3     12.89       1.0             0         1              0           4370            629        0.00        0.00
    11:700     1.199     0.845       495     3.741     4.381      21.1      1497      46.7      43.1      44.3      46.2     12.83       1.0             0         1              0           4370            629        0.00        0.00
    11:750     1.199     0.845       495     3.726     4.345      21.3      1512      46.7      43.1      44.3      46.2     12.83       1.0             0         1              0           4370            629        0.00        0.00
    11:800     1.198     0.841       495     3.724     4.397      21.3      1541      46.7      43.1      44.3      46.2     12.91       1.0             0         1              0           4370            629        0.00        0.00
    11:850     1.198     0.843       495     3.711     4.378      21.1      1534      46.7      43.1      44.3      46.2     12.91       1.0             0         1              0           4370            629        0.00        0.00
    11:900     1.198     0.844       496     3.686     4.367      21.1      1534      46.7      43.0      44.3      46.2     13.03       1.0             0         1              0           4370            629        0.00        0.00
    11:950     1.197     0.845       496     3.699     4.411      21.3      1531      46.7      43.0      44.3      46.2     13.03       1.0             0         1              0           4370            629        0.00        0.00
    12:000     1.197     0.849       496     3.727     4.382      21.3      1475      46.7      43.0      44.3      46.2     13.05       1.0             0         1              0           4370            629        0.00        0.00
    12:050     1.198     0.857       496     3.724     4.382      21.3      1505      46.7      43.0      44.3      46.2     13.05       1.0             0         1              0           4370            629        0.00        0.00
    12:100     1.199     0.863       496     3.717     4.385      21.3      1505      46.7      42.9      44.3      46.1     12.72       1.0             0         1              0           4370            629        0.00        0.00
    12:150     1.199     0.866       496     3.716     4.338      21.3      1496      46.7      42.9      44.3      46.1     12.72       1.0             0         1              0           4370            629        0.00        0.00
    12:200     1.200     0.866       496     3.721     4.384      21.3      1524      46.7      42.9      44.3      46.1     12.88       1.0             0         1              0           4370            629        0.00        0.00
    12:250     1.200     0.869       496     3.721     4.379      21.1      1515      46.7      42.9      44.3      46.1     12.88       1.0             0         1              0           4370            629        0.00        0.00
    12:300     1.200     0.870       496     3.705     4.345      21.3      1478      46.7      42.8      44.3      46.1     12.96       1.0             0         1              0           4370            629        0.00        0.00
    12:350     1.200     0.866       496     3.691     4.384      21.3      1486      46.7      42.8      44.3      46.1     12.96       1.0             0         1              0           4370            629        0.00        0.00
    12:400     1.200     0.863       509     3.707     4.353      21.3      1497      46.7      42.8      44.3      46.1     12.77       1.0             0         1              0           4370            629        0.00        0.00
    12:450     1.200     0.860       509     3.719     4.359      21.4      1525      46.7      42.8      44.3      46.1     12.77       1.0             0         1              0           4370            629        0.00        0.00
    12:500     1.200     0.860       509     3.727     4.378      21.4      1486      46.7      42.7      44.3      46.1     12.94       1.0             0         1              0           4370            629        0.00        0.00
    12:550     1.200     0.863       509     3.717     4.348      21.4      1554      46.7      42.7      44.3      46.1     12.94       1.0             0         1              0           4370            629        0.00        0.00
    12:600     1.200     0.863       509     3.693     4.383      21.4      1562      46.7      42.7      44.3      46.0     12.97       1.0             0         1              0           4370            629        0.00        0.00
    12:650     1.200     0.861       509     3.707     4.391      21.4      1532      46.7      42.7      44.3      46.0     12.97       1.0             0         1              0           4370            629        0.00        0.00
    12:700     1.200     0.857       509     3.730     4.361      21.4      1556      46.7      42.6      44.3      46.0     13.04       1.0             0         1              0           4370            629        0.00        0.00
    12:750     1.200     0.858       509     3.694     4.404      21.4      1537      46.7      42.6      44.3      46.0     13.04       1.0             0         1              0           4370            629        0.00        0.00
    12:800     1.200     0.863       509     3.695     4.402      21.4      1515      46.7      42.6      44.3      46.0     13.09       1.0             0         1              0           4370            629        0.00        0.00
    12:850     1.200     0.866       509     3.726     4.364      21.4      1537      46.7      42.6      44.3      46.0     13.09       1.0             0         1              0           4370            629        0.00        0.00
    12:900     1.200     0.867       499     3.730     4.402      21.4      1547      46.7      42.5      44.3      46.0     12.92       1.0             0         1              0           4370            629        0.00        0.00
    12:950     1.200     0.869       499     3.693     4.377      21.4      1522      46.7      42.5      44.3      46.0     12.92       1.0             0         1              0           4370            629        0.00        0.00
    13:000     1.200     0.868       499     3.684     4.378      21.4      1539      46.7      42.5      44.3      46.0     13.04       1.0             0         1              0           4370            629        0.00        0.00
    13:050     1.200     0.869       499     3.710     4.396      21.4      1520      46.7      42.5      44.3      46.0     13.04       1.0             0         1              0           4370            629        0.00        0.00
    13:100     1.200     0.876       499     3.738     4.362      21.4      1495      46.7      42.4      44.3      46.0     13.12       1.0             0         1              0           4370            629        0.00        0.00
    13:150     1.200     0.882       499     3.737     4.384      21.4      1479      46.7      42.4      44.3      46.0     13.12       1.0             0         1              0           4370            629        0.00        0.00
    13:200     1.200     0.885       499     3.728     4.377      21.5      1495      46.7      42.4      44.3      46.0     12.82       1.0             0         1              0           4370            629        0.00        0.00
    13:250     1.200     0.884       499     3.740     4.316      21.5      1494      46.7      42.4      44.3      45.9     12.82       1.0             0         1              0           4370            629        0.00        0.00
    13:300     1.200     0.879       499     3.753     4.371      21.7      1480      46.7      42.3      44.3      45.9     13.01       1.0             0         1              0           4370            629        0.00        0.00
    13:350     1.200     0.879       499     3.741     4.356      21.7      1493      46.7      42.3      44.3      45.9     13.01       1.0             0         1              0           4370            629        0.00        0.00
    13:400     1.200     0.883       514     3.703     4.339      21.5      1516      46.7      42.3      44.3      45.9     13.04       1.0             0         1              0           4370            629        0.00        0.00
    13:450     1.200     0.885       514     3.702     4.378      21.5      1555      46.7      42.3      44.3      45.9     13.04       1.0             0         1              0           4370            629        0.00        0.00
    13:500     1.200     0.885       514     3.733     4.341      21.5      1542      46.7      42.2      44.3      45.9     13.30       1.0             0         1              0           4370            629        0.00        0.00
    13:550     1.200     0.883       514     3.726     4.386      21.5      1530      46.7      42.2      44.3      45.9     13.30       1.0             0         1              0           4370            629        0.00        0.00
    13:600     1.200     0.883       514     3.685     4.390      21.5      1539      46.7      42.2      44.3      45.9     12.83       1.0             0         1              0           4370            629        0.00        0.00
    13:650     1.200     0.880       514     3.676     4.346      21.5      1527      46.7      42.2      44.3      45.9     12.83       1.0             0         1              0           4370            629        0.00        0.00
    13:700     1.200     0.875       514     3.704     4.406      21.4      1541      46.7      42.1      44.3      45.8     12.82       1.0             0         1              0           4370            629        0.00        0.00
    13:750     1.200     0.873       514     3.685     4.390      21.5      1539      46.7      42.1      44.3      45.8     12.82       1.0             0         1              0           4370            629        0.00        0.00
    13:800     1.200     0.876       514     3.677     4.349      21.5      1572      46.7      42.1      44.3      45.8     12.87       1.0             0         1              0           4370            629        0.00        0.00
    13:850     1.200     0.869       514     3.708     4.406      21.4      1597      46.7      42.1      44.3      45.8     12.87       1.0             0         1              0           4370            629        0.00        0.00
    13:900     1.200     0.868       491     3.688     4.395      21.4      1585      46.3      42.0      44.3      45.8     13.01       1.0             0         1              0           4370            629        0.00        0.00
    13:950     1.200     0.863       491     3.716     4.377      21.5      1577      46.3      42.0      44.3      45.8     13.01       1.0             0         1              0           4370            629        0.00        0.00
    14:000     1.200     0.861       491     3.713     4.426      21.4      1566      46.3      42.0      44.3      45.8     13.12       1.0             0         1              0           4370            629        0.00        0.00
    14:050     1.200     0.862       491     3.734     4.402      21.5      1531      46.3      42.0      44.3      45.8     13.12       1.0             0         1              0           4370            629        0.00        0.00
    14:100     1.200     0.863       491     3.698     4.371      21.4      1520      46.3      41.9      44.3      45.7     13.00       1.0             0         1              0           4370            629        0.00        0.00
    14:150     1.200     0.864       491     3.682     4.396      21.5      1510      46.3      41.9      44.3      45.7     13.00       1.0             0         1              0           4370            629        0.00        0.00
    14:200     1.200     0.866       491     3.686     4.358      21.5      1516      46.3      41.9      44.3      45.7     12.99       1.0             0         1              0           4370            629        0.00        0.00
    14:250     1.200     0.865       491     3.706     4.365      21.5      1535      46.3      41.9      44.3      45.7     12.99       1.0             0         1              0           4370            629        0.00        0.00
    14:300     1.200     0.862       491     3.739     4.373      21.7      1525      46.3      41.7      44.3      45.7     13.21       1.0             0         1              0           4370            629        0.00        0.00
    14:350     1.200     0.855       491     3.740     4.342      21.8      1539      46.3      41.7      44.3      45.7     13.21       1.0             0         1              0           4370            629        0.00        0.00
    14:400     1.200     0.859       506     3.693     4.378      21.7      1540      46.3      41.7      44.3      45.7     12.90       1.0             0         1              0           4370            629        0.00        0.00
    14:450     1.200     0.867       506     3.682     4.398      21.7      1575      46.3      41.7      44.3      45.7     12.90       1.0             0         1              0           4370            629        0.00        0.00
    14:500     1.200     0.870       506     3.717     4.346      21.7      1590      46.3      41.7      44.3      45.7     13.15       1.0             0         1              0           4370            629        0.00        0.00
    14:550     1.200     0.871       506     3.699     4.410      21.7      1613      46.3      41.7      44.3      45.7     13.15       1.0             0         1              0           4370            629        0.00        0.00
    14:600     1.200     0.877       506     3.714     4.410      21.7      1618      46.3      41.7      44.3      45.6     13.06       1.0             0         1              0           4370            629        0.00        0.00
    14:650     1.200     0.875       506     3.718     4.382      21.7      1606      46.3      41.7      44.3      45.6     13.06       1.0             0         1              0           4370            629        0.00        0.00
    14:700     1.200     0.869       506     3.721     4.432      21.7      1593      46.3      41.5      44.3      45.6     13.18       1.0             0         1              0           4370            629        0.00        0.00
    14:750     1.200     0.865       506     3.708     4.422      21.7      1574      46.3      41.5      44.3      45.6     13.18       1.0             0         1              0           4370            629        0.00        0.00
    14:800     1.200     0.860       506     3.725     4.380      21.5      1566      46.3      41.5      44.3      45.6     13.11       1.0             0         1              0           4370            629        0.00        0.00
    14:850     1.200     0.858       506     3.690     4.423      21.4      1574      46.3      41.5      44.3      45.6     13.11       1.0             0         1              0           4370            629        0.00        0.00
    14:900     1.200     0.858       495     3.726     4.402      21.4      1566      46.3      41.4      44.3      45.6     13.12       1.0             0         1              0           4370            629        0.00        0.00
    14:950     1.200     0.859       495     3.712     4.363      21.5      1561      46.3      41.4      44.3      45.6     13.12       1.0             0         1              0           4370            629        0.00        0.00
    15:000     1.200     0.859       495     3.720     4.413      21.5      1529      46.3      41.4      44.3      45.6     13.21       1.0             0         1              0           4370            629        0.00        0.00
    15:050     1.200     0.859       495     3.708     4.398      21.5      1528      46.3      41.4      44.3      45.6     13.21       1.0             0         1              0           4370            629        0.00        0.00
    15:100     1.200     0.858       495     3.678     4.359      21.5      1545      46.3      41.3      44.3      45.6     12.76       1.0             0         1              0           4370            629        0.00        0.00
    15:150     1.200     0.858       495     3.672     4.395      21.7      1540      46.3      41.3      44.3      45.6     12.76       1.0             0         1              0           4370            629        0.00        0.00
    15:200     1.200     0.860       495     3.725     4.367      21.7      1565      46.3      41.3      44.3      45.6     13.03       1.0             0         1              0           4370            629        0.00        0.00
    15:250     1.200     0.862       495     3.712     4.372      21.7      1571      46.3      41.3      44.3      45.5     13.03       1.0             0         1              0           4370            629        0.00        0.00
    15:300     1.200     0.860       495     3.713     4.398      21.8      1557      46.3      41.2      44.3      45.5     13.25       1.0             0         1              0           4370            629        0.00        0.00
    15:350     1.200     0.856       495     3.717     4.367      21.8      1554      46.3      41.2      44.3      45.5     13.25       1.0             0         1              0           4370            629        0.00        0.00
    15:400     1.200     0.848       499     3.683     4.383      21.8      1563      46.3      41.2      44.3      45.5     13.07       1.0             0         1              0           4370            629        0.00        0.00
    15:450     1.200     0.841       499     3.717     4.386      21.7      1568      46.3      41.2      44.3      45.5     13.07       1.0             0         1              0           4370            629        0.00        0.00
    15:500     1.199     0.838       499     3.696     4.351      21.7      1581      46.3      41.1      44.3      45.5     13.06       1.0             0         1              0           4370            629        0.00        0.00
    15:550     1.198     0.834       499     3.716     4.400      21.8      1600      46.3      41.1      44.3      45.5     13.06       1.0             0         1              0           4370            629        0.00        0.00
    15:600     1.198     0.838       499     3.704     4.404      21.7      1570      46.3      41.1      44.3      45.5     13.26       1.0             0         1              0           4370            629        0.00        0.00
    15:650     1.197     0.848       499     3.727     4.375      21.7      1545      46.3      41.1      44.3      45.5     13.26       1.0             0         1              0           4370            629        0.00        0.00
    15:700     1.197     0.854       499     3.681     4.401      21.7      1573      46.3      41.0      44.3      45.5     12.94       1.0             0         1              0           4370            629        0.00        0.00
    15:750     1.197     0.858       499     3.689     4.392      21.8      1564      46.3      41.0      44.3      45.5     12.94       1.0             0         1              0           4370            629        0.00        0.00
    15:800     1.198     0.861       499     3.680     4.352      21.8      1560      46.3      41.0      44.3      45.5     12.95       1.0             0         1              0           4370            629        0.00        0.00
    15:850     1.198     0.860       499     3.690     4.403      21.7      1575      46.3      41.0      44.3      45.5     12.95       1.0             0         1              0           4370            629        0.00        0.00
    15:900     1.199     0.860       497     3.717     4.392      21.7      1599      46.3      40.9      44.3      45.5     13.04       1.0             0         1              0           4370            629        0.00        0.00
    15:950     1.200     0.856       497     3.706     4.352      21.8      1612      46.3      40.9      44.3      45.5     13.04       1.0             0         1              0           4370            629        0.00        0.00
    16:000     1.200     0.846       497     3.702     4.407      21.7      1583      46.3      40.9      44.3      45.5     13.28       1.0             0         1              0           4370            629        0.00        0.00
    16:050     1.199     0.844       497     3.721     4.408      21.7      1532      46.3      40.9      44.3      45.5     13.28       1.0             0         1              0           4370            629        0.00        0.00
    16:100     1.199     0.849       497     3.691     4.365      21.7      1563      46.3      40.8      44.3      45.4     12.91       1.0             0         1              0           4370            629        0.00        0.00
    16:150     1.199     0.852       497     3.692     4.389      21.8      1557      46.3      40.8      44.3      45.4     12.91       1.0             0         1              0           4370            629        0.00        0.00
    16:200     1.199     0.852       497     3.692     4.376      21.8      1521      46.3      40.8      44.3      45.4     12.85       1.0             0         1              0           4370            629        0.00        0.00
    16:250     1.199     0.852       497     3.663     4.358      21.7      1564      46.3      40.8      44.3      45.4     12.85       1.0             0         1              0           4370            629        0.00        0.00
    16:300     1.199     0.852       497     3.667     4.393      21.7      1547      46.3      40.7      44.3      45.4     12.88       1.0             0         1              0           4370            629        0.00        0.00
    16:350     1.200     0.857       497     3.704     4.370      21.8      1550      46.3      40.7      44.3      45.4     12.88       1.0             0         1              0           4370            629        0.00        0.00
    16:400     1.200     0.860       502     3.684     4.360      21.8      1564      46.3      40.7      44.3      45.4     12.99       1.0             0         1              0           4370            629        0.00        0.00
    16:450     1.200     0.861       502     3.709     4.397      21.8      1562      46.3      40.7      44.3      45.4     12.99       1.0             0         1              0           4370            629        0.00        0.00
    16:500     1.200     0.860       502     3.712     4.361      21.7      1566      46.3      40.6      44.3      45.4     13.08       1.0             0         1              0           4370            629        0.00        0.00
    16:550     1.200     0.860       502     3.714     4.382      21.8      1584      46.3      40.6      44.3      45.4     13.08       1.0             0         1              0           4370            629        0.00        0.00
    16:600     1.200     0.859       502     3.731     4.399      21.8      1578      46.3      40.6      44.3      45.4     13.16       1.0             0         1              0           4370            629        0.00        0.00
    16:650     1.200     0.852       502     3.728     4.365      21.8      1586      46.3      40.6      44.3      45.4     13.16       1.0             0         1              0           4370            629        0.00        0.00
    16:700     1.200     0.850       502     3.718     4.402      21.8      1596      46.3      40.5      44.3      45.4     13.11       1.0             0         1              0           4370            629        0.00        0.00
    16:750     1.200     0.852       502     3.722     4.399      21.9      1592      46.3      40.5      44.3      45.4     13.11       1.0             0         1              0           4370            629        0.00        0.00
    16:800     1.200     0.849       502     3.692     4.369      21.9      1582      46.3      40.5      44.3      45.4     13.02       1.0             0         1              0           4370            629        0.00        0.00
    16:850     1.200     0.854       502     3.714     4.403      22.0      1574      46.3      40.5      44.3      45.4     13.02       1.0             0         1              0           4370            629        0.00        0.00
    16:900     1.200     0.859       498     3.686     4.411      21.9      1566      46.3      40.4      44.3      45.4     12.95       1.0             0         1              0           4370            629        0.00        0.00
    16:950     1.200     0.861       498     3.716     4.356      21.9      1555      46.3      40.4      44.3      45.4     12.95       1.0             0         1              0           4370            629        0.00        0.00
    17:000     1.200     0.860       498     3.689     4.391      21.9      1590      46.3      40.4      44.3      45.4     12.99       1.0             0         1              0           4370            629        0.00        0.00
    17:050     1.200     0.860       498     3.722     4.388      21.9      1585      46.3      40.4      44.3      45.4     12.99       1.0             0         1              0           4370            629        0.00        0.00
    17:100     1.200     0.860       498     3.711     4.359      21.9      1582      46.3      40.3      44.3      45.4     13.10       1.0             0         1              0           4370            629        0.00        0.00
    17:150     1.200     0.854       498     3.714     4.404      22.0      1605      46.3      40.3      44.3      45.4     13.10       1.0             0         1              0           4370            629        0.00        0.00
    17:200     1.200     0.854       498     3.722     4.399      22.0      1585      46.3      40.3      44.3      45.4     13.18       1.0             0         1              0           4370            629        0.00        0.00
    17:250     1.200     0.861       498     3.708     4.367      21.9      1574      46.3      40.3      44.3      45.4     13.18       1.0             0         1              0           4370            629        0.00        0.00
    17:300     1.200     0.863       498     3.722     4.410      22.0      1597      46.3      40.2      44.3      45.4     13.10       1.0             0         1              0           4370            629        0.00        0.00
    17:350     1.200     0.863       498     3.694     4.392      22.0      1614      46.3      40.2      44.3      45.3     13.10       1.0             0         1              0           4370            629        0.00        0.00
    17:400     1.200     0.863       497     3.710     4.359      22.0      1628      45.9      40.2      44.3      45.3     13.06       1.0             0         1              0           4370            629        0.00        0.00
    17:450     1.200     0.863       497     3.708     4.419      21.9      1628      45.9      40.2      44.3      45.3     13.06       1.0             0         1              0           4370            629        0.00        0.00
    17:500     1.200     0.863       497     3.723     4.417      22.0      1621      45.9      40.1      44.3      45.3     13.18       1.0             0         1              0           4370            629        0.00        0.00
    17:550     1.200     0.865       497     3.719     4.384      22.0      1645      45.9      40.1      44.3      45.3     13.18       1.0             0         1              0           4370            629        0.00        0.00
    17:600     1.200     0.864       497     3.714     4.426      22.0      1634      45.9      40.1      44.3      45.3     13.19       1.0             0         1              0           4370            629        0.00        0.00
    17:650     1.200     0.864       497     3.702     4.429      21.9      1608      45.9      40.1      44.3      45.3     13.19       1.0             0         1              0           4370            629        0.00        0.00
    17:700     1.200     0.863       497     3.682     4.390      21.9      1611      45.9      40.0      44.3      45.3     12.67       1.0             0         1              0           4370            629        0.00        0.00
    17:750     1.200     0.866       497     3.677     4.413      21.9      1632      45.9      40.0      44.3      45.3     12.67       1.0             0         1              0           4370            629        0.00        0.00
    17:800     1.200     0.863       497     3.678     4.421      21.9      1603      45.9      40.0      44.3      45.3     12.46       1.0             0         1              0           4370            629        0.00        0.00
    17:850     1.200     0.858       497     3.677     4.388      22.0      1568      45.9      40.0      44.3      45.3     12.46       1.0             0         1              0           4370            629        0.00        0.00
    17:900     1.200     0.847       492     3.645     4.410      21.9      1611      45.9      39.9      44.3      45.3     12.24       1.0             0         1              0           4370            629        0.00        0.00
    17:950     1.199     0.842       492     3.657     4.407      21.9      1568      45.9      39.9      44.3      45.3     12.24       1.0             0         1              0           4370            629        0.00        0.00
    18:000     1.199     0.840       492     3.647     4.376      21.9      1572      45.9      39.9      44.3      45.3     12.15       1.0             0         1              0           4370            629        0.00        0.00
    18:050     1.198     0.842       492     3.659     4.389      21.9      1604      45.9      39.9      44.3      45.3     12.15       1.0             0         1              0           4370            629        0.00        0.00
    18:100     1.198     0.843       492     3.633     4.395      21.9      1575      45.9      39.9      44.3      45.3     12.19       1.0             0         1              0           4370            629        0.00        0.00
    18:150     1.198     0.840       492     3.656     4.365      21.9      1596      45.9      39.9      44.3      45.3     12.19       1.0             0         1              0           4370            629        0.00        0.00
    18:200     1.197     0.840       492     3.659     4.388      21.9      1625      45.9      39.9      44.3      45.3     12.37       1.0             0         1              0           4370            629        0.00        0.00
    18:250     1.197     0.846       492     3.662     4.396      21.9      1598      45.9      39.9      44.3      45.3     12.37       1.0             0         1              0           4370            629        0.00        0.00
    18:300     1.196     0.849       492     3.681     4.369      21.9      1582      45.9      39.8      44.3      45.3     12.77       1.0             0         1              0           4370            629        0.00        0.00
    18:350     1.196     0.854       492     3.704     4.408      21.9      1623      45.9      39.8      44.3      45.3     12.77       1.0             0         1              0           4370            629        0.00        0.00
    18:400     1.196     0.860       496     3.698     4.411      21.9      1600      45.9      39.8      44.3      45.3     13.07       1.0             0         1              0           4370            629        0.00        0.00
    18:450     1.198     0.863       496     3.706     4.375      21.9      1601      45.9      39.8      44.3      45.3     13.07       1.0             0         1              0           4370            629        0.00        0.00
    18:500     1.199     0.866       496     3.718     4.409      22.0      1607      45.9      39.7      44.3      45.3     13.16       1.0             0         1              0           4370            629        0.00        0.00
    18:550     1.199     0.866       496     3.701     4.414      21.9      1601      45.9      39.7      44.3      45.3     13.16       1.0             0         1              0           4370            629        0.00        0.00
    18:600     1.200     0.862       496     3.703     4.371      21.9      1600      45.9      39.7      44.3      45.3     13.13       1.0             0         1              0           4370            629        0.00        0.00
    18:650     1.200     0.862       496     3.717     4.401      21.9      1590      45.9      39.7      44.3      45.3     13.13       1.0             0         1              0           4370            629        0.00        0.00
    18:700     1.200     0.864       496     3.695     4.408      21.9      1566      45.9      39.6      44.3      45.3     13.05       1.0             0         1              0           4370            629        0.00        0.00
    18:750     1.200     0.865       496     3.697     4.361      21.9      1570      45.9      39.6      44.3      45.3     13.05       1.0             0         1              0           4370            629        0.00        0.00
    18:800     1.200     0.864       496     3.704     4.395      21.9      1602      45.9      39.6      44.3      45.3     12.99       1.0             0         1              0           4370            629        0.00        0.00
    18:850     1.200     0.865       496     3.700     4.398      21.9      1572      45.9      39.6      44.3      45.3     12.99       1.0             0         1              0           4370            629        0.00        0.00
    18:900     1.200     0.870       496     3.722     4.361      21.9      1587      45.9      39.5      44.3      45.3     13.24       1.0             0         1              0           4370            629        0.00        0.00
    18:950     1.200     0.870       496     3.698     4.398      21.9      1574      45.9      39.5      44.3      45.3     13.24       1.0             0         1              0           4370            629        0.00        0.00
    19:000     1.200     0.866       496     3.731     4.392      21.9      1551      45.9      39.5      44.3      45.3     13.21       1.0             0         1              0           4370            629        0.00        0.00
    19:050     1.200     0.864       496     3.701     4.347      21.9      1619      45.9      39.5      44.3      45.3     13.21       1.0             0         1              0           4370            629        0.00        0.00
